0 1.4841080961036404
8201 1.2927137262589619
15369 1.2649831963118063
7178 1.2960359844587086
21514 1.2467667870527572
17422 1.2551502227625029
23570 1.246992505550176
26642 1.227131288088033
29714 1.20376723410973
10261 1.2859749566784886
31765 1.2238636580456994
11288 1.2821485755496613
13336 1.2735562003782295
35865 1.408612344969483
24603 1.7425691409182542
34844 1.394237157369843
22557 1.246851420998521
39966 1.101665662259015
33823 1.714903799566311
5155 1.2973615272993677
37923 0.1350000043958426
27685 1.2170121611931932
1063 1.2914472544564273
41000 1.2033104714136746
3117 1.2941425992117703
28717 1.1932182125491957
2094 1.2927979738956104
14384 1.2697297021065814
20528 1.2466280378984227
32822 1.223745009347771
18488 1.2494322052132623
38970 1.6527848729609884
12349 1.2778715175759499
62 1.260543065139111
16449 1.2603947671068172
36929 1.200075089659754
19525 1.2465279840271168
25671 1.2358764155104451
30792 1.2162705118117185
6217 1.2988595000071976
4172 1.2957543685307753
9296 1.289216640469442
17489 1.2549117392537406
35922 1.4093783312288986
15444 1.2647667157057971
7253 1.2956157840827913
29781 1.2051335311328482
34901 1.3949143565308453
21593 1.2467607042948698
31834 1.2238586056496725
23645 1.247072602541507
26719 1.2263978534600626
10337 1.2854913358729148
8290 1.292503096524033
40038 1.101716678904716
13416 1.2733599793888852
22632 1.2468574014727623
11371 1.2819057990614182
28779 1.194446732439737
33899 1.319523965732968
27756 1.2162721843029696
24685 1.1441027491206335
37997 0.1350000043958426
5233 1.2974704600263511
20596 1.2466343072826858
41078 1.2040327752045332
3192 1.2943455367407064
14457 1.2694626771093125
32889 1.2237397888681592
12412 1.27761549045222
2176 1.2928892977069952
18560 1.2487086800082157
36992 1.2000278726560756
1155 1.2916282936591312
16517 1.2597418694298008
19590 1.246531509092411
39051 1.6529033474783197
29839 1.2056120310419722
25744 1.2354024239760868
30864 1.2168018801032618
31893 1.2238533868480108
6295 1.2986612871808914
152 1.298509325019825
9371 1.288995571291108
21659 1.246771006784438
23708 1.2470681004602608
4253 1.2959692763642705
17566 1.2545824656232738
7328 1.2954687400490894
36002 1.4109907569205278
34980 1.3963377392235428
15527 1.264468837313459
26792 1.2258916382190495
33963 1.3962443388632615
38059 0.1350000043958426
22706 1.246876605204834
32946 1.223732558487272
27827 1.2157202562183347
40115 1.6668120379988831
10421 1.2853220555129221
24758 1.2638876439220152
13495 1.273089980912872
28856 1.1948770222367602
8379 1.2920608680921386
30908 1.2175355458496466
41149 1.205019474723683
37057 1.2000361727271949
11459 1.2813960077968303
18628 1.2484828413118718
3269 1.2944161019772922
19654 1.2464808201569335
20678 1.2466577594046337
5320 1.2975739141099776
39113 1.6528906075016332
14539 1.2688668425334757
12494 1.2770778531360616
2257 1.2929759983617364
25814 1.2344156028749442
16602 1.259513284372484
21722 1.2467288789717714
29914 1.206272334627773
35037 1.396840462660632
1248 1.2916916983501958
6368 1.298480006639712
31968 1.223841723881505
17633 1.2542702086935316
23785 1.2470314137890197
9450 1.2887858504456449
7404 1.2952664119018813
34030 1.3813564841401198
241 1.2904318148647325
36082 1.411558951847293
26867 1.2253374265771786
27892 1.215128065267933
28917 1.195470764774868
40181 1.6668120379988831
4345 1.2960446249822335
15611 1.2641862065180722
30971 1.2182336574937205
24828 1.2388065155604293
38141 0.1350000043958426
33023 1.2237256022532883
10496 1.2850891315446042
22788 1.2468830690926405
41221 1.2056583794173203
13574 1.27283381282255
11531 1.2812175563825126
14609 1.2686599198163224
37138 1.2000325172113266
3347 1.2945135463065205
8467 1.2919060942290705
18708 1.2019522791204396
19732 1.2465158929533828
25876 1.2340004543819718
12565 1.2768896443917743
20758 1.2466528767837715
32022 1.2238375742965057
5401 1.2978051520056173
39193 1.6528822004198804
29978 1.2069007401751037
16673 1.2591987498740753
17699 1.2535730006892833
21800 1.2468049985019762
23848 1.2470504419498
2347 1.2931697064690926
36141 1.4132417025485082
6446 1.2980725605015033
35118 1.3983280338936053
26927 1.2243151784134105
1331 1.291778974405941
7476 1.2950744838835404
28983 1.1960358434012393
9528 1.28831771985989
34104 1.3856464789606033
24893 1.2432477403969286
31037 1.2189004652550313
38206 0.1350000043958426
15680 1.263555212177738
4420 1.2961483289284992
27972 1.2139695330446334
40260 1.2378794737277508
33093 1.2237184602263473
10566 1.284868156507299
41290 1.20688713684813
22859 1.2468921517126923
332 1.2918390998759965
32088 1.2238318335252087
39256 1.6528838818400322
14681 1.268374232884054
37211 1.2000328012625514
12636 1.276630671871816
13660 1.2722619247941085
19804 1.2465555421855217
11613 1.2809720114778198
20832 1.246662124237034
3427 1.2947183940030194
8547 1.2916931338357203
25956 1.2333324443164955
30053 1.2075400119910058
18790 1.7390497966997955
35176 1.3988319398125117
17773 1.2533308863272836
5486 1.2978855971976122
26992 1.2236708914275323
21874 1.246799085871486
16755 1.258900313822411
23923 1.2471195085775346
34167 1.3854911557328426
36217 1.5061644894379527
24956 1.2417443755728201
29055 1.1966107058692783
2433 1.2932370510863505
7553 1.2946461045633895
28034 1.2133545288171106
6532 1.297931263849923
15749 1.2633360884572895
1416 1.291962473035523
31113 1.219627154599203
9611 1.2881551983313526
38283 0.1350000043958426
33165 1.2237024176495461
41361 1.2065725159290412
40339 1.2378794792281806
22934 1.2469007820834481
37272 1.200031663339914
4505 1.2962468073200586
39321 1.6528835456844697
10650 1.2843748833505213
20894 1.2466685969181746
32158 1.2238263206194402
26016 1.232847399779554
30114 1.208955422995729
19877 1.2465634660226768
424 1.2916550211910534
11689 1.2807390553536016
14762 1.2681033123203638
12716 1.2763849695491083
17836 1.252996599695516
35248 1.3995372887128177
3506 1.2947902075192992
13746 1.2720633401111079
23988 1.247068451119085
18869 1.145993630855741
16826 1.2582340288205884
8636 1.2912457955587924
5565 1.2979966909976457
27069 1.2232700718713905
25023 1.2414685061677104
21954 1.2467604408692816
36290 1.50615199848747
34243 1.3869492573874693
31176 1.220346739503741
33225 0.13500000439584256
38347 0.1350000043958426
29132 1.197883544835053
6609 1.2977361137388648
9682 1.2879308139614853
28115 1.2127643072177647
7637 1.2944974021166737
20949 1.2466841012366234
40406 1.2378795100744815
2521 1.2933300462602675
1499 1.2920267733242703
15835 1.2630335468179648
37344 1.2000329721040328
41440 1.2066206146198835
30177 1.2085602779034343
4582 1.2964668968087503
23014 1.2466235098631477
32230 1.223813822403728
19945 1.2465694407806318
39404 1.652894568637852
11758 1.280219016888436
26095 1.2318390758915216
10736 1.2842036217918555
17904 1.252679589630402
35312 1.4010225706951716
18934 1.7261650479371509
16892 1.2580026481170306
34301 1.3873781352498507
14846 1.267498409777999
24063 1.247090697009069
3584 1.2948890412340501
25091 1.24094479204684
516 1.2918884497274168
12804 1.275836458376767
5640 1.2982303181525237
27144 1.2226818473261754
13834 1.2717891587154326
36365 1.506112185391902
31249 1.2210727963224817
8723 1.2910892409379238
21014 1.246689477990437
29206 1.1983293501598145
22039 1.2467776085340752
28183 1.212166461784545
33305 0.13500000439584256
6685 1.2975511070110972
38430 0.1350000043958426
7712 1.2942920998504042
32288 1.2238093784223085
23074 1.246986753497324
37410 1.20003162919487
15910 1.2630940548955754
9768 1.2874596765573385
40490 1.2378794719642714
39469 1.6533324679925148
30257 1.2103132559598895
41521 1.3553075286115748
2611 1.2935255162520276
4661 1.2965434491930767
11830 1.2800384518885382
1591 1.2921152648212861
17976 1.2519717713586425
26168 1.2312789382350846
24124 1.2470983842017276
20029 1.2465674376014748
35391 1.4015459827354955
10816 1.2839671687842957
25154 1.2398846940041308
14916 1.2672883530106092
27204 1.2219923643172212
34375 1.3881163100253486
16969 1.2576831829883102
19017 1.1451327895189474
36428 1.5060963031379382
12879 1.2756459974888832
29264 1.1989445153521294
31314 1.2218026299678353
13907 1.2715291560383548
5718 1.2983122606928068
33366 0.13500000439584256
3671 1.2949828861338997
21080 1.2466969330451598
32346 1.223803225421486
28253 1.210846237216449
22110 1.2468424838119918
607 1.2916437875691917
38496 0.1350000043958426
8801 1.2908738241047006
30310 1.2098589469182575
37483 1.653047469591949
23151 1.2469735943869211
7794 1.2938610686813345
41587 1.3483049234274451
6772 1.2971381457846909
39544 1.668347014882158
15994 1.262386073633721
35453 1.403096671212317
40573 1.2378794795809047
9854 1.2872947710490168
11902 1.279789152345761
20094 1.2465915983484708
34433 1.3893439946103203
10882 1.2834706669468194
26242 1.230763617713888
25219 1.2395107413291615
1672 1.2921992711475914
24202 1.2471706081618368
27274 1.221456659361718
2700 1.2935940307379583
4748 1.2966491648293863
19084 1.2664093324322097
18062 1.2517259746346694
17039 1.2573802266753353
33423 0.13500000439584256
36500 1.506045227937894
15001 1.2669983291000122
31386 1.2234220506414129
28316 1.2103863737883178
22173 1.2467899290284592
13983 1.2709486459078592
29344 1.1995299814479978
5793 1.2984250414172365
21155 1.2467040257158788
32420 1.2237973139547709
12965 1.2753830334773257
3750 1.2951925954742365
38569 0.1350000043958426
8876 1.2906694701840278
23214 1.246987040010495
30386 1.2107419032146767
699 1.2914942838689143
41659 1.3486312697842024
35516 1.4036216460468425
37566 1.5304060596673947
11967 1.2792656526861625
26303 1.2302368378503776
39615 2.4082698832106564
6848 1.2969948054071412
16066 1.262178147461299
40642 1.2378794780575053
34503 1.3898366424163824
10953 1.283296872528507
24266 1.247119373286571
20171 1.2465945070738103
7885 1.2937102191902512
18125 1.2513866058977128
9939 1.28706786765578
25300 1.238997185979221
36564 1.198719391404254
28373 1.2097517611994808
31445 1.2239885379057798
27350 1.2203448991032302
29398 1.200125584716915
33495 0.13500000439584256
1754 1.2923869459005264
19162 1.2420513433084812
15067 1.2667232959996568
4828 1.2968714505958996
17119 1.256703783014087
32479 1.2237912516096388
22245 1.2468101261036215
2790 1.2936883221670576
21224 1.2467199363889028
38637 2.010456027957718
30446 1.2121635704965859
14063 1.27114334836426
13042 1.275133672487424
5878 1.2985321581081621
23291 1.2469460392854441
3837 1.2952655242252464
35586 1.4043566305196986
8965 1.2902133295610128
34565 1.39047858683574
26374 1.2292119505885521
20232 1.2465932992191764
24328 1.2471421120666144
40715 1.2378794783621823
41740 1.3495333498903952
37646 0.1350000043958426
12049 1.2790823976807206
31505 1.2238695002924502
39699 1.7767211793057958
6932 1.2967969061996005
33556 0.13500000439584256
789 1.2911259279340332
16150 1.2618691535589974
27414 1.2198857982109694
18202 1.2510647853978278
28443 1.2091494197763237
7965 1.2935026594626948
29469 1.2014443510629877
36637 1.2003086239941179
11041 1.2830577364323155
15139 1.2661092075413085
19236 1.2473839073507658
30501 1.2126854444438573
4903 1.2969494007039557
25383 1.2385091695557242
38695 1.5813803433931342
10025 1.2868526081328584
22315 1.246815849879328
1836 1.292452185569514
32556 1.2237776590147642
17197 1.2564688777764161
14132 1.2707860693748836
21303 1.2467255007933828
23353 1.2470254702804358
2875 1.2938866175195234
13118 1.2745769338305135
35648 1.4059043931907125
5954 1.2987716033256935
40776 1.2378794783012468
33609 0.13500000439584256
26442 1.2286426017996783
34636 1.3918423144312198
37708 0.1350000043958426
3918 1.2953662337224967
24398 1.2471501634474946
20303 1.246601374309441
9041 1.290054976145126
28497 1.208062786864179
31569 1.2238874941806166
39766 1.5387538375745902
16216 1.2615793115745426
18266 1.2503462263214171
29531 1.2019062275923864
12127 1.2788302422614324
27490 1.2191573951765873
7011 1.2963814351734466
19301 1.2463262227343903
8039 1.2933057639497545
32617 1.223772812183141
11114 1.2828308641404667
36714 1.1999901872888992
25457 1.2378776160264515
38769 1.666385261229634
882 1.2912975157743596
30578 1.2133920308211192
10100 1.2863721036822737
15224 1.2658959594611456
21371 1.246733189762792
4988 1.2970566839653057
17279 1.2561445446123651
22399 1.2468836563762016
1922 1.2925422729144649
23426 1.247020695741428
34695 1.392331311187858
14216 1.2702179723259948
40841 1.2378794782941203
13196 1.2743836161404893
26508 1.2281165812521457
24462 1.2453809078325582
35728 1.406449755927051
2966 1.2939561214092519
29590 1.2025435814999532
31638 1.2238720732307775
33686 0.1350000043958426
37784 0.1350000043958426
18330 1.2500972926685485
6045 1.2988549149860686
28574 1.1921179440404273
36770 1.2000767645638635
4003 1.2955779646013268
20387 1.246623981718387
12198 1.278591010991135
32678 1.2237661044982882
39847 1.5645414941873172
27560 1.2186163652476263
9130 1.2898363473072838
16298 1.2609308018086582
38828 1.6501966803902794
25519 1.2369465253988405
7090 1.2962360391665118
8115 1.2928662868097949
19379 1.246542920305147
10173 1.2862052807010076
11202 1.2823244165537284
17346 1.2558369723297012
30658 1.2140664484471455
15303 1.2656015290513458
5064 1.297282381388417
22473 1.246830842750465
21450 1.2466912955475709
23500 1.247032854106942
973 1.29136145108716
35789 1.4080654031940318
34767 1.3937522229790842
13264 1.274116705992314
24528 1.2440640646928185
31700 1.2238691500199872
26584 1.227579368009897
40920 1.2378795037381272
14298 1.2700103696130998
29659 1.2031501586155744
2012 1.2927316148233101
37854 0.1350000043958426
39902 1.101767739171547
20447 1.246619022597558
28639 1.1926633586665458
33761 0.13500000439584256
3042 1.2940517776409568
27621 1.217479393411022
32744 1.2237596546459064
18409 1.249754162459673
16367 1.2607056578362863
36847 1.2000489560165726
4082 1.2956522000633939
6130 1.298969969092747
12279 1.2780569547143112
19449 1.2465092854538011
9212 1.2893773065553802
38909 1.6534320399192857
25599 1.2365324026213569
30719 1.2147520965178062
